0.47
0.41
0.041
0.033
0.058
0.051
1.71
0
0
1.4
0
0
0
0
0.51
0.45
1.3
0.9
1.25
0
0
1.04
0
0
1.13
0.83
0.3
0.29
0
0
0.15
0.15
5
5
2.05
1.99
4.2
4.2
367
249
621
1
1
502
1
1
85.77
0
0
367
367
36.9
0
0
35.1
0
0
36.9
0
0
0.189
35.1
0
0
0.189
10
0
0
0
6
0
0
0
0.95
1
1
35.23
25.23
1
1.037
9
11
10
0
0
0
6
0
0
0
135.8
0
0
1
113
1
107
0
0
0
1
221.4
390
210.6
390
3
3
2
5.03
1
4.78
1
95
37.5
95
37.5
1
162
275
2
116
275
3
3
3
6
3505.5
0
0
0
3334.5
0
0
0
125
0
0
139
0
0
67
1
75
1
0
0
1
47
1
52
1
1
2
3
2
2
2
2
2
3
3
3
3
1
3
3
3
3
3
2
2
2
3
3
3
3
0
6
107
138
46
85
54
53
1
2
0
0.5
0
5
0
0
0
5
0
0
1
26.4
1697.4
5.03
0
4
2
5
0
3
0
0
4
2
0
0
0
0
5
0
0
7
5
0
0
0
0
0
0
