0.86
0.68
0.07
0.054
0.103
0.094
2.82
0
0
2.26
0
0
0
0
1.11
0.8
0.29
0.22
2.32
0
0
2.01
0
0
2.08
1.8
5.7
5.69
0
0
0
0
0
0
4.51
4.03
6.2
6.2
145
102
247
1
1
220
1
1
23.85
0
0
247
247
79.6
0
0
78.8
0
0
79.6
0
0
0.189
78.8
0
0
0.189
10
0
0
0
6
0
0
0
0.98
1
1
51.25
51.25
1
1.008
3
5
10
0
0
0
6
0
0
0
58.7
0
0
1
154
1
115
0
0
0
1
501.48
405.8
496.4
405.8
3
3
2
4.68
1
4.54
1
19
45.5
19
45.5
1
119.56
195
10
79.76
195
3
3
3
6
1512.4
0
0
0
1482.2
0
0
0
52.4
0
0
57.93
0
0
146
1
151
1
0
0
1
75
1
82
1
1
2
3
2
2
2
3
2
2
2
2
2
2
3
3
3
3
3
2
2
2
3
3
3
3
0
39
115
85.2
42.6
181
151
115
3
2
0
0.5
0
5
3
2
1
5
3
2
1
47.8
1695.5
4.68
0
4
0
5
0
3
0
0
4
0
5
3
1
0
5
5
0
1
2
0
0
4
4
5
5
