0
0.0026455
0.00198413
0.00198413
0.00276969
0
3.734e-05
0.00164767
0.000877229
0.00198413
0.00132275
0.00144514
0
0.000625944
0.00156464
0.0026455
0.00181393
0.00186593
0.0026455
0
0.00330687
0.00330687
0.00198413
0.00211105
0.0026455
0.00198413
0.00330687
0.00142834
0.0026455
0
0.00141094
0
0.0010582
0.00211641
0
0.000617285
0
0.00119048
0.0015873
0.0015873
0.00119048
0
0.00211641
0.00158731
0.00158731
0.00211641
0.00158731
0.00211641
0.0010582
0.0026455
0.0026455
0
0.0026455
0.00158731
0.0026455
0.00211641
0.0026455
0.0026455
0.0026455
0
0.0015873
0.0015873
0.0015873
0.0015873
0.0015873
0.0015873
