0
0.000710977
0.000524728
7.96657e-05
0.00239711
0.0026455
0.00188079
0.000459957
0.00132275
0.00198413
0.00132275
0.00198413
0
0
0.0026455
0.0026455
0.00106078
0.00180079
0.000735631
0
0.00317759
0.0031776
0.00198413
0.0026455
0.0026455
0.00198413
0.00330687
0.000857645
0.0026455
0
0.00205722
0
0.00103578
0.00211641
0
0.00211641
0
0.00115549
0.0015873
0.0015873
0.00119048
0
0.00211641
0.00158731
0.00158731
0.00211641
0.00158731
0.00211641
0.000705469
0.00176367
0.0026455
0
0.00132275
0.00158731
0.0026455
0.00141094
0.0026455
0.00176367
0.0026455
0
0.0015873
0.0015873
0.0015873
0.0010582
0.0005291
0.0010582
